


























548 652 599 411 553 610 589 




645 624 577 624 672 468 505 530 572 577 679 490 531 459 






613 466 595 568 579 606 518 636 




675 595 601 688 660 652 620 573 653 


634 661 582 582 502 






602 602 653 589 592 665 632 637 709 



587 679 672 581 687 533 615 




649 604 662 585 763 

565 591 540 581 535 675 477 705 534 471 659 679 703 
529 667 554 599 550 603 494 591 629 551 651 636 574 679 570 646 476 669 616 

538 513 599 520 589 665 590 621 

591 423 603 577 591 573 703 673 687 585 591 561 660 538 659 626 

651 686 565 692 710 534 512 610 637 572 594 532 459 585 



649 608 576 604 647 590 734 567 





644 693 636 603 529 


608 
527 602 638 589 
528 630 740 677 600 

656 559 



567 




732 











555 


