


645 599 581 649 601 608 582 581 709 652 471 734 703 657 748 435 582 567 537 561 517 549 499 617 507 496 623 702 726 623 589 



603 638 619 495 642 552 679 

535 572 705 679 615 550 521 605 669 741 594 
567 610 531 620 557 599 505 626 652 683 602 591 663 520 544 535 
649 672 637 570 459 452 635 546 






577 592 675 629 561 660 502 653 699 529 







644 513 520 688 679 573 626 545 654 582 634 680 663 480 

587 692 490 590 582 621 603 602 593 668 531 506 478 693 512 677 


653 



577 476 677 600 
528 565 613 591 652 527 594 595 608 661 732 574 646 647 653 674 532 551 

603 662 672 658 607 613 



















579 665 552 639 721 
740 540 595 610 665 538 577 659 674 764 607 








529 656 637 477 591 636 609 587 637 609 628 612 612 611 
686 551 651 615 579 501 684 581 567 650 666 652 621 



591 554 572 660 576 659 589 624 558 624 586 
555 703 602 695 711 587 590 651 597 
















624 599 687 529 585 602 636 616 612 597 

636 554 

632 643 576 


602 602 624 667 591 565 466 550 573 494 512 599 673 636 505 606 632 590 459 669 616 567 616 582 649 579 550 635 546 495 489 492 504 467 619 553 563 575 592 517 601 594 591 620 474 482 716 637 597 355 


604 589 591 585 687 545 730 653 628 676 585 
538 693 604 513 581 604 637 692 

423 548 679 675 710 534 634 585 603 411 518 534 553 763 585 616 579 603 652 647 606 565 588 594 527 574 604 669 566 585 566 643 549 

468 532 406 

630 651 568 567 480 481 558 588 






559 530 589 533 589 679 506 592 627 604 730 611 683 
567 616 572 


482 









