


528 565 548 540 555 573 589 599 592 608 661 551 732 582 637 553 574 577 687 763 459 626 502 480 585 730 517 513 603 609 606 588 527 574 650 666 726 616 576 355 540 628 633 699 600 664 579 532 497 721 442 761 699 579 603 611 598 653 554 589 510 546 554 548 562 491 635 543 789 683 563 672 646 546 553 705 628 621 593 533 671 624 640 618 554 641 682 534 539 585 544 641 690 543 567 544 687 672 627 452 629 650 576 567 588 550 680 556 714 629 526 556 559 492 647 488 683 704 589 539 635 522 494 564 614 449 544 439 576 580 637 584 628 613 597 621 616 448 571 582 
651 554 550 610 693 477 561 518 589 695 545 654 561 505 592 626 602 552 582 492 669 601 594 585 585 716 620 486 473 507 466 613 527 547 555 633 558 560 660 611 707 608 580 525 623 545 592 581 589 608 541 672 596 682 516 468 618 529 626 580 526 651 482 567 611 538 601 633 544 714 651 644 684 694 594 564 486 562 570 572 589 609 578 613 579 571 573 601 352 632 632 498 680 488 696 569 547 643 627 526 644 627 620 517 682 720 598 651 665 625 700 585 571 685 540 535 585 557 605 578 580 555 749 611 621 564 516 545 631 556 485 618 619 641 495 618 610 586 621 464 653 595 617 549 514 592 671 643 582 565 585 547 653 


686 565 692 653 581 579 662 594 601 687 411 705 679 490 709 476 471 531 734 657 537 495 582 658 653 603 652 587 549 602 565 507 575 592 741 702 532 506 683 546 549 570 744 648 520 522 756 690 625 570 545 598 555 649 659 576 474 500 580 583 412 657 678 557 675 633 665 705 579 489 588 638 593 617 613 546 624 500 652 622 658 602 661 659 736 568 514 691 542 635 543 647 626 590 594 638 612 522 496 567 528 579 665 747 682 601 709 474 615 534 545 654 572 613 549 560 556 576 604 651 623 534 629 573 622 545 652 557 614 586 540 620 798 568 524 530 603 639 553 593 560 657 576 520 606 629 572 615 653 682 468 642 608 629 658 668 651 543 600 550 574 628 639 518 493 594 657 512 545 654 635 547 580 565 516 688 



591 599 577 559 672 634 527 595 591 660 538 679 604 435 599 711 579 609 635 627 452 674 617 628 684 679 676 635 612 554 680 652 474 623 588 544 699 597 529 512 677 611 640 587 537 667 611 644 605 531 639 555 682 702 640 622 582 574 601 684 533 610 579 620 571 459 609 604 523 652 565 571 526 615 599 572 616 571 603 512 429 659 572 700 567 552 498 608 576 641 766 555 619 597 683 581 526 548 575 534 522 612 645 588 584 539 561 576 555 565 575 631 548 597 493 607 670 546 536 698 553 623 606 627 653 660 588 574 549 675 704 514 653 630 477 574 629 560 645 605 555 766 574 462 591 516 590 645 494 711 697 617 628 572 584 691 526 450 561 680 667 616 724 618 756 637 553 660 513 627 735 627 671 665 625 574 588 588 497 607 633 640 533 523 601 605 493 614 649 












591 466 595 494 534 468 636 530 672 665 651 688 567 532 567 529 703 669 545 616 616 642 558 579 593 581 531 636 499 552 605 467 619 663 551 586 607 613 612 535 589 621 480 675 580 563 572 607 590 538 509 651 469 503 671 546 642 530 703 627 621 590 522 619 575 503 649 546 698 547 645 535 567 597 510 579 699 536 572 508 544 659 642 599 607 635 556 597 566 530 653 554 615 607 635 626 741 574 539 564 625 545 728 605 523 663 663 601 522 661 568 612 636 531 604 636 623 516 597 576 524 551 566 577 635 623 751 572 620 611 529 563 546 626 681 674 609 630 515 617 594 557 712 598 616 599 518 600 639 697 516 555 526 541 571 589 475 499 600 499 630 647 598 651 727 772 552 633 571 705 604 574 652 691 593 569 646 646 508 478 582 654 500 699 680 568 616 572 537 595 626 667 631 555 474 549 710 581 665 549 648 542 654 647 546 597 






645 649 740 667 675 604 599 652 512 637 505 585 585 660 581 636 659 638 533 582 621 679 653 585 615 557 579 582 616 587 619 624 649 546 637 674 628 594 639 669 567 591 604 721 607 591 482 634 620 624 478 676 518 673 671 650 628 636 657 581 697 617 642 643 583 649 528 566 667 608 655 549 710 467 533 507 630 690 608 634 412 541 621 620 525 603 647 521 521 676 690 624 587 666 685 503 635 630 587 571 556 608 552 730 565 634 574 487 630 526 610 570 578 570 631 719 518 708 718 529 679 651 679 661 636 512 474 588 568 618 578 487 627 687 539 495 574 702 659 568 611 691 657 581 474 622 661 560 603 654 660 638 545 591 577 574 619 621 575 485 497 549 521 613 571 708 730 720 619 708 672 668 605 571 598 724 456 680 656 685 627 390 645 586 619 565 597 608 710 661 665 599 623 532 506 646 548 645 567 636 573 647 671 695 591 601 597 621 606 605 599 561 547 485 709 540 590 477 560 499 615 528 644 648 658 575 
602 577 538 624 644 679 603 513 568 535 703 520 603 665 602 632 636 534 576 570 646 459 589 677 573 506 748 567 567 632 550 590 550 652 481 501 647 496 572 604 623 730 406 566 692 597 611 637 597 670 535 487 572 566 563 717 579 539 707 471 687 620 698 526 634 567 700 557 654 691 519 546 476 553 548 650 539 592 654 648 580 683 608 644 576 698 671 564 542 666 496 597 555 565 658 621 582 586 577 635 708 561 429 587 661 561 594 601 649 553 643 671 541 647 512 587 678 509 716 550 542 628 668 571 512 610 522 642 612 556 613 583 619 563 688 547 640 559 530 686 604 661 641 562 608 571 627 535 658 592 718 588 644 717 536 480 700 541 561 453 599 530 559 553 654 619 603 502 512 686 473 514 590 547 558 577 715 580 526 622 596 607 629 701 723 508 560 557 690 593 636 646 524 583 563 523 605 623 538 607 603 639 588 634 724 580 556 586 487 566 664 490 583 647 625 711 536 756 603 612 623 677 550 529 565 710 523 721 622 713 662 682 572 640 607 724 592 518 673 702 636 634 567 639 632 609 485 641 635 502 513 548 563 647 634 655 






529 602 630 613 624 423 603 587 656 591 710 673 572 591 649 606 675 589 629 608 572 590 647 610 590 652 659 620 616 600 567 615 653 521 602 668 495 489 558 683 504 612 553 581 563 604 517 764 637 651 520 566 611 482 643 643 663 693 594 528 534 556 708 617 606 680 630 728 568 509 637 634 600 579 684 587 638 675 575 624 545 635 549 561 632 496 594 562 613 772 658 678 680 533 609 630 632 667 610 553 626 623 654 660 708 696 683 537 595 629 718 527 725 712 591 581 683 739 673 566 521 560 542 587 574 463 647 453 566 541 568 544 579 568 522 585 712 566 638 574 562 563 640 676 550 598 612 659 634 557 507 656 570 563 653 681 513 766 587 630 625 617 510 530 605 635 568 664 536 697 720 538 549 663 611 509 590 680 625 447 541 628 678 563 779 490 656 506 569 658 583 647 665 646 482 541 674 443 496 593 505 651 525 695 730 597 618 599 724 623 575 597 700 647 594 614 523 648 567 541 586 608 554 619 633 637 640 622 754 640 504 638 627 646 587 552 653 577 601 533 582 595 564 642 584 601 535 575 711 590 576 573 494 622 521 611 634 698 715 587 509 627 647 511 533 644 601 657 580 584 545 537 603 565 534 









