591 645 602 624 577 534 672 693 468 601 665 665 572 570 590 589 677 529 703 657 545 506 582 616 561 632 550 592 513 609 635 481 647 636 606 617 605 594 669 406 566 585 597 585 588 535 589 549 621 677 620 670 590 640 556 708 756 633 644 639 579 579 642 608 503 698 608 710 654 533 678 579 611 650 675 667 546 690 644 587 660 635 595 526 556 622 566 555 
565 591 540 555 692 637 520 505 591 594 687 608 732 705 660 574 687 659 476 652 531 679 695 545 567 711 567 505 658 603 579 581 674 565 604 676 669 637 651 663 634 635 551 611 623 643 594 570 563 628 466 630 671 611 563 717 509 560 575 545 601 667 526 549 412 507 658 545 567 557 634 609 608 598 525 521 523 596 676 553 626 642 683 597 543 
630 599 653 644 568 673 592 662 477 591 471 459 748 587 653 504 572 553 592 764 730 721 506 612 652 478 683 597 676 555 627 532 643 632 649 613 630 609 533 665 580 541 521 544 623 652 599 
548 656 679 599 661 581 610 582 734 589 573 579 585 517 558 593 602 582 619 581 702 616 692 586 611 528 675 486 469 703 497 561 721 567 546 604 412 554 510 610 654 671 607 548 708 482 
613 651 554 466 550 513 591 604 579 559 494 535 636 527 603 651 411 567 632 637 679 646 490 532 638 763 459 533 620 502 616 480 616 649 626 603 668 489 452 492 683 552 507 628 612 679 563 650 607 741 591 482 680 520 607 576 716 544 637 546 512 540 673 534 522 538 617 507 680 570 566 546 579 605 634 531 581 707 649 555 576 590 558 587 638 522 583 622 611 635 707 528 566 684 580 583 525 562 761 680 459 519 476 510 633 541 572 632 579 672 659 682 638 593 698 599 562 666 529 624 718 630 571 500 580 527 526 651 530 
528 529 667 577 652 703 585 649 675 672 585 551 518 590 553 576 621 557 654 495 642 579 590 546 652 587 558 602 467 527 517 666 613 529 518 671 587 537 509 667 651 613 642 539 547 621 684 702 660 619 687 580 700 557 691 594 623 698 547 553 608 539 699 654 630 647 508 608 546 542 618 537 629 626 635 615 556 608 653 
610 572 629 538 660 577 521 652 637 609 532 473 535 572 657 640 500 772 690 546 621 683 685 
589 608 561 534 627 690 589 645 589 
740 624 710 589 602 709 537 552 495 501 499 604 623 624 480 744 607 675 549 649 574 533 655 699 603 597 592 648 603 588 576 617 565 597 571 
602 686 538 565 595 581 599 512 530 606 688 636 636 659 653 600 615 567 599 619 624 615 582 602 550 549 674 628 567 591 604 601 594 620 474 643 597 693 355 580 572 648 520 606 625 503 636 728 545 637 600 527 664 659 617 624 575 620 496 579 571 657 535 678 579 536 705 624 554 666 503 635 658 
649 423 603 675 573 595 582 616 435 730 531 496 574 726 566 663 611 650 487 568 555 697 471 581 548 653 516 468 696 496 491 587 652 789 
603 587 634 679 604 647 567 669 626 585 653 588 639 684 575 554 482 612 699 628 699 598 600 530 633 682 474 582 610 634 442 467 620 592 620 489 613 564 
