645 686 466 540 644 494 693 530 606 608 651 705 632 590 709 533 582 529 621 711 730 632 649 653 550 635 489 501 636 504 606 666 551 611 480 580 670 606 572 546 545 605 600 581 555 638 583 575 474 619 687 575 620 608 654 594 507 623 657 678 698 476 541 648 598 653 667 579 546 644 554 666 537 629 496 630 571 526 658 621 602 736 646 659 591 683 691 634 566 671 647 566 641 590 766 684 612 529 624 618 568 612 568 618 578 539 585 
555 595 656 568 672 703 468 592 649 595 672 591 411 538 577 679 659 604 763 677 620 589 669 502 615 579 599 587 585 624 550 592 558 579 593 552 495 558 627 674 499 507 572 628 639 619 669 527 575 567 650 764 721 601 532 616 506 620 554 586 683 576 544 699 546 529 549 676 611 640 522 708 469 625 570 628 671 657 644 547 621 532 576 590 522 702 624 471 582 566 608 580 526 442 710 691 525 620 545 547 589 546 553 608 604 675 633 654 621 608 705 572 632 541 523 672 676 682 607 562 696 529 685 635 626 500 652 580 527 543 571 566 616 571 708 429 587 581 601 542 561 633 574 635 567 526 542 626 578 587 574 741 512 564 587 625 593 631 518 523 663 522 718 571 512 683 566 640 651 574 548 554 676 531 534 557 570 682 681 547 534 641 
624 512 688 553 531 695 537 495 505 602 581 683 669 482 643 677 744 699 509 640 562 609 620 588 546 482 608 603 615 565 700 553 644 585 628 594 679 575 474 682 584 
649 565 624 667 599 587 675 534 535 589 634 662 591 594 477 665 602 732 582 660 660 570 636 647 590 638 652 471 589 659 679 616 657 435 616 480 654 567 561 658 653 603 626 603 582 481 652 549 565 552 588 612 684 574 592 604 623 676 637 702 597 520 482 623 588 612 663 535 693 620 520 534 556 617 633 466 568 563 579 527 664 579 684 497 660 622 545 707 561 632 500 684 610 580 567 496 467 533 613 630 645 535 567 597 510 533 630 603 683 489 544 610 608 553 626 617 599 652 666 683 595 491 635 597 622 556 572 672 429 553 572 594 630 705 649 610 643 635 541 498 647 539 651 453 541 579 568 638 668 522 671 597 522 601 661 567 486 661 612 563 528 640 562 688 522 588 645 563 601 487 578 559 495 574 
602 630 603 520 572 567 574 459 703 545 582 619 616 582 602 553 591 730 607 528 572 617 649 503 667 583 549 659 642 613 587 563 555 712 663 562 609 
529 538 550 513 604 637 673 527 572 534 679 687 653 626 506 642 609 546 668 492 617 467 517 591 612 680 474 537 756 507 566 637 634 530 639 659 675 528 601 533 655 772 592 581 579 580 647 589 521 508 624 516 503 526 565 582 611 552 561 538 568 514 712 730 521 463 728 605 619 581 659 634 604 589 636 513 766 640 516 539 
577 423 591 710 490 600 521 590 652 531 628 604 566 726 566 589 590 598 600 707 697 574 700 650 539 521 698 587 615 586 659 725 574 533 642 530 
591 602 651 692 581 599 573 652 610 599 505 601 629 608 585 551 561 567 459 557 567 615 517 513 587 609 452 605 594 563 651 594 585 635 652 611 607 613 716 637 594 621 512 540 518 673 628 538 650 587 509 651 680 503 611 613 555 531 703 627 649 555 558 587 682 560 611 549 698 634 412 761 571 658 680 699 519 690 603 678 611 548 634 665 525 510 596 638 654 660 542 468 635 624 718 556 597 789 577 661 512 739 607 543 570 714 647 608 678 509 576 719 550 542 694 610 526 522 564 556 636 613 550 598 570 583 512 579 507 588 630 576 613 625 
528 591 548 603 653 636 585 675 589 603 665 661 518 637 636 581 646 610 476 734 585 567 545 748 616 579 602 647 496 604 406 663 634 624 478 585 597 355 570 563 648 486 671 473 690 487 636 728 642 539 579 633 635 649 721 557 579 459 579 557 412 536 554 690 593 548 708 618 599 653 683 658 635 554 546 661 673 487 560 601 628 544 552 626 568 544 545 708 716 594 679 638 612 641 612 665 572 747 653 627 709 623 597 
613 554 565 577 679 579 687 576 532 573 637 674 581 741 643 675 607 667 630 717 642 546 609 699 576 623 671 555 530 567 570 621 496 619 563 636 656 587 687 544 686 
740 559 679 692 597 535 643 592 564 565 651 604 
