734 







592 

602 
635 




553 


667 


653 





647 697 
703 611 









590 549 546 
616 482 533 507 



577 

726 


590 



517 



579 




480 

604 








561 





551 






616 

494 550 519 
547 
587 





















599 







612 617 



653 
482 






667 

651 
699 





633 









613 
630 



452 


687 
567 581 
651 









662 


693 


538 558 











572 



624 




603 
667 




613 


608 







589 593 
672 






585 
585 

659 




699 










637 



644 







695 671 

657 

549 

576 580 


591 406 


411 489 522 680 555 










594 

577 






703 601 










534 






567 


570 









575 















603 643 



642 





553 538 








592 
637 652 
604 478 

645 


612 


710 




566 

647 643 
527 






499 








545 761 



620 
610 506 

















615 643 



557 


610 573 603 

520 
590 532 






587 608 579 



565 
669 




579 691 
















532 














649 
587 





675 


634 510 



531 


637 


616 


572 
660 535 

649 





588 



611 459 






604 


611 532 


477 















529 605 








728 







579 



653 




500 


576 




628 




486 

565 

592 
604 


651 





650 


534 

545 




589 650 

582 

636 



679 





591 




591 

690 497 






476 
711 

521 
601 
660 675 














658 







730 


658 

555 594 







687 630 

589 
682 



621 
638 
572 





677 


467 
649 

355 

678 
634 611 


672 
583 



661 

492 



693 
587 



560 




590 













571 








513 
468 


628 

688 597 





467 


505 





577 
518 


632 


518 575 707 


557 

626 692 




568 
582 554 


649 

607 
512 606 

678 
567 556 





703 





651 
600 


545 

581 

610 




748 




435 


730 



582 522 


611 

528 



595 





572 
600 



585 


558 













664 


702 

680 
652 
611 








628 




674 


574 



469 
591 








527 


555 



625 
554 
671 










637 
487 










663 



585 
599 
721 721 

546 



679 
587 








528 679 632 









597 699 






545 

601 
684 




684 

640 


650 583 
665 
677 




634 
645 





585 





674 
683 675 


574 
531 620 

619 









566 




589 

586 627 





644 563 


566 
520 





634 




604 

654 










575 


710 



589 




























592 



623 

570 
633 476 




529 




607 

680 


602 


637 



649 620 581 561 
549 613 
579 


679 546 

657 
640 

606 684 


599 506 







513 
604 567 
502 


537 567 


686 


616 











602 466 636 
594 


621 442 

617 



638 698 
552 600 



539 



550 495 





602 
558 507 
573 660 
675 

646 




595 






579 


565 592 
609 744 

603 474 




535 

642 

630 

552 594 

591 

473 

656 

613 538 567 669 549 
673 496 
700 












606 



603 708 

624 


559 574 


623 



550 
588 530 
764 

617 
683 


459 

568 




642 
620 






530 



628 
580 









551 

636 635 


741 


717 
507 
659 466 509 698 623 

528 



619 

496 
669 

423 563 579 608 

602 




602 547 




629 

589 

539 
585 

582 
503 



526 




548 



622 608 

639 

567 



732 553 

673 






581 545 

676 




471 
666 676 633 
531 772 

636 
580 533 
594 

687 582 


707 525 
563 607 

632 
612 




591 501 663 579 



603 624 




648 634 




520 


503 


576 








579 



597 
567 


505 581 
716 
615 

627 



649 
582 537 619 548 


608 546 




675 


527 

555 533 


490 652 621 

579 471 

605 
480 

504 
740 572 459 654 512 


626 620 









699 



412 


517 



509 412 
692 
540 











609 





474 












481 



653 637 



709 670 557 



624 

495 546 659 



540 








535 
561 
566 





624 639 













590 




655 



535 665 544 756 


652 






668 

702 562 





581 652 635 



657 




679 


609 



705 533 529 


599 

690 
534 





763 597 






616 


636 
591 






570 598 


















